───────────────換區線───────────────
台中市中區大誠里 466,555,750,120
台中市中區大墩里 292,483,711,151
台中市中區中華里 368,507,586,105
台中市中區公園里 171,316,560,120
台中市中區光復里 346,494,690,112
台中市中區柳川里 347,528,586,82
台中市中區綠川里 248,396,578,107
台中市中區繼光里 228,396,502,86
───────────────換區線───────────────
台中市東區十甲里 736,1247,1738,282
台中市東區干城里 342,420,709,158
台中市東區合作里 743,1051,1385,195
台中市東區旱溪里 553,660,786,107
台中市東區東門里 1283,1612,2317,417
台中市東區東信里 1634,2209,3175,455
台中市東區東南里 654,969,1263,190
台中市東區東英里 1150,1876,2571,434
台中市東區東勢里 512,705,874,124
台中市東區東橋里 753,931,1281,217
台中市東區東興里 457,741,1038,188
台中市東區泉源里 428,443,652,147
台中市東區振興里 618,724,1040,192
台中市東區富仁里 630,991,1460,329
台中市東區富台里 370,472,539,61
台中市東區新庄里 554,790,986,215
台中市東區樂成里 497,560,689,116
───────────────換區線───────────────
台中市南區工學里 618,1302,2853,695
台中市南區平和里 598,781,1266,310
台中市南區永和里 654,1061,1713,345
台中市南區永興里 819,1739,3122,719
台中市南區江川里 355,577,1061,336
台中市南區西川里 478,870,1792,369
台中市南區和平里 462,922,1677,306
台中市南區長春里 257,454,751,161
台中市南區長榮里 324,555,1018,186
台中市南區南和里 804,1685,2915,706
台中市南區南門里 418,701,1421,405
台中市南區城隍里 508,815,1421,320
台中市南區國光里 548,883,1426,356
台中市南區崇倫里 642,1184,2227,488
台中市南區新榮里 466,958,1828,433
台中市南區福平里 778,1292,2058,357
台中市南區福順里 590,1219,2264,504
台中市南區福興里 587,874,1434,286
台中市南區德義里 337,610,1169,310
台中市南區樹義里 1295,2489,4839,986
台中市南區樹德里 856,1696,3570,740
台中市南區積善里 413,644,899,210
───────────────換區線───────────────
台中市西區三民里 295,494,876,244
台中市西區土庫里 655,1158,2424,624
台中市西區大忠里 414,774,2023,500
台中市西區中興里 467,839,1458,305
台中市西區公平里 568,1005,2155,464
台中市西區公正里 551,1255,2810,552
台中市西區公民里 519,930,2083,556
台中市西區公益里 422,703,1032,169
台中市西區公德里 398,883,1842,447
台中市西區公舘里 843,1366,2137,442
台中市西區平和里 215,384,831,206
台中市西區民生里 159,346,763,212
台中市西區民龍里 419,700,1377,344
台中市西區吉龍里 638,1272,2796,757
台中市西區安龍里 337,545,1241,337
台中市西區利民里 102,230,626,190
台中市西區和龍里 503,584,706,107
台中市西區忠明里 681,1169,2336,634
台中市西區忠誠里 684,1306,2387,482
台中市西區昇平里 602,1274,2447,541
台中市西區東昇里 195,445,1031,279
台中市西區後龍里 446,741,1478,351
台中市西區廣民里 234,324,528,120
台中市西區藍興里 454,798,1742,394
台中市西區双龍里 352,630,1096,256
───────────────換區線───────────────
台中市北區大湖里 568,604,599,68
台中市北區中正里 268,338,461,114
台中市北區中達里 413,661,924,177
台中市北區五常里 252,339,496,64
台中市北區六合里 376,450,566,121
台中市北區文莊里 464,876,1276,240
台中市北區立人里 381,860,1637,323
台中市北區光大里 451,557,651,104
台中市北區育德里 438,836,1470,348
台中市北區明新里 407,685,1021,205
台中市北區明德里 639,1175,2258,452
台中市北區邱厝里 255,451,969,260
台中市北區金華里 220,483,1144,303
台中市北區金龍里 679,1134,1620,281
台中市北區長青里 791,1446,2408,458
台中市北區建成里 965,1656,1852,229
台中市北區建德里 578,915,1174,188
台中市北區建興里 724,1336,2287,445
台中市北區健行里 920,1410,2558,576
台中市北區崇德里 406,864,1429,269
台中市北區梅川里 328,727,1382,305
台中市北區淡溝里 533,1047,2153,598
台中市北區頂厝里 442,906,1740,386
台中市北區新北里 205,370,713,171
台中市北區新興里 282,408,511,97
台中市北區樂英里 423,699,908,126
台中市北區賴村里 665,1021,1692,328
台中市北區賴旺里 668,1137,1586,218
台中市北區賴明里 479,885,1564,293
台中市北區賴厝里 687,1319,1886,375
台中市北區賴福里 406,758,1601,432
台中市北區賴興里 372,905,1617,310
台中市北區錦平里 275,405,718,180
台中市北區錦村里 445,730,1293,253
台中市北區錦洲里 441,840,1311,240
台中市北區錦祥里 562,1044,1767,356
───────────────換區線───────────────
台中市西屯區上石里 502,1042,2197,456
台中市西屯區上安里 427,1014,2325,545
台中市西屯區上德里 450,837,1834,439
台中市西屯區大石里 326,545,852,147
台中市西屯區大河里 713,874,1340,256
台中市西屯區大福里 674,840,1024,199
台中市西屯區大鵬里 865,1196,1739,288
台中市西屯區永安里 1570,2591,5022,1436
台中市西屯區至善里 399,859,1924,465
台中市西屯區西平里 635,1041,1892,452
台中市西屯區西安里 607,998,2101,566
台中市西屯區西墩里 683,1177,2459,675
台中市西屯區何仁里 824,1385,2474,498
台中市西屯區何安里 636,1196,2042,430
台中市西屯區何成里 708,1493,3093,712
台中市西屯區何明里 494,843,1461,290
台中市西屯區何南里 344,811,1985,445
台中市西屯區何厝里 433,784,1303,208
台中市西屯區何源里 715,1609,2748,532
台中市西屯區何福里 518,970,1842,360
台中市西屯區何德里 437,809,1526,293
台中市西屯區協和里 845,1185,1475,325
台中市西屯區林厝里 510,695,1228,353
台中市西屯區逢甲里 601,999,1686,298
台中市西屯區逢福里 645,1199,2144,479
台中市西屯區惠來里 885,2314,6775,2034
台中市西屯區港尾里 812,1295,1736,282
台中市西屯區福中里 417,760,1194,273
台中市西屯區福安里 261,521,1260,373
台中市西屯區福和里 720,1076,1488,279
台中市西屯區福林里 490,1174,3482,1246
台中市西屯區福恩里 379,854,2176,610
台中市西屯區福雅里 541,1129,2494,620
台中市西屯區福瑞里 306,656,1214,264
台中市西屯區福聯里 371,707,1236,269
台中市西屯區廣福里 506,614,717,85
台中市西屯區潮洋里 656,1302,2526,647
台中市西屯區龍潭里 178,191,244,54
台中市西屯區鵬程里 394,702,939,154
───────────────換區線───────────────
台中市南屯區三和里 453,1331,3991,1114
台中市南屯區三厝里 572,1386,2980,692
台中市南屯區三義里 394,1079,3069,803
台中市南屯區大同里 502,1034,2164,446
台中市南屯區大業里 513,1203,2986,724
台中市南屯區大誠里 332,729,1557,369
台中市南屯區大興里 546,979,1822,394
台中市南屯區中和里 980,1126,1367,186
台中市南屯區文山里 1187,2484,4905,797
台中市南屯區文心里 375,782,1630,386
台中市南屯區永定里 755,1103,1944,452
台中市南屯區田心里 750,1303,2588,612
台中市南屯區同心里 570,1133,2215,493
台中市南屯區向心里 646,1075,2175,531
台中市南屯區南屯里 973,1607,3715,880
台中市南屯區春安里 177,280,465,66
台中市南屯區春社里 1317,1642,2104,319
台中市南屯區惠中里 490,1333,3475,963
台中市南屯區新生里 250,386,930,235
台中市南屯區楓樹里 1014,1374,2120,468
台中市南屯區溝墘里 428,971,2395,692
台中市南屯區黎明里 513,893,1781,426
台中市南屯區豐樂里 1126,2026,4969,1430
台中市南屯區鎮平里 347,329,376,69
台中市南屯區寶山里 691,1285,2078,342
───────────────換區線───────────────
台中市北屯區三光里 888,1773,2841,467
台中市北屯區三和里 868,1509,2054,311
台中市北屯區大坑里 422,608,658,86
台中市北屯區大德里 745,1206,1847,299
台中市北屯區仁和里 1246,2186,3480,791
台中市北屯區仁美里 1043,1749,3981,1012
台中市北屯區仁愛里 174,282,397,56
台中市北屯區水景里 1609,3109,5580,1190
台中市北屯區水湳里 1144,1666,2391,443
台中市北屯區北屯里 397,779,1425,283
台中市北屯區北京里 492,766,1210,212
台中市北屯區北興里 450,815,1230,213
台中市北屯區四民里 316,416,491,77
台中市北屯區平心里 590,1163,1929,344
台中市北屯區平田里 706,1495,2306,358
台中市北屯區平安里 756,1298,1952,386
台中市北屯區平和里 451,1209,2150,409
台中市北屯區平昌里 598,1082,1732,312
台中市北屯區平陽里 566,1222,1937,357
台中市北屯區平順里 420,808,1275,186
台中市北屯區平福里 330,765,1613,367
台中市北屯區平德里 649,1395,2678,526
台中市北屯區平興里 819,1713,2674,400
台中市北屯區民政里 264,284,266,35
台中市北屯區民德里 205,219,280,55
台中市北屯區同榮里 794,1305,1994,366
台中市北屯區后庄里 1284,2246,3944,818
台中市北屯區和平里 1416,2702,4404,826
台中市北屯區忠平里 507,1016,1499,256
台中市北屯區東山里 446,568,602,113
台中市北屯區東光里 858,1172,1605,237
台中市北屯區松安里 681,1271,1829,334
台中市北屯區松竹里 798,1786,3875,897
台中市北屯區松和里 953,1694,2342,311
台中市北屯區松勇里 671,1232,2062,381
台中市北屯區松茂里 638,1260,2111,387
台中市北屯區松強里 630,1444,2930,629
台中市北屯區軍功里 1743,2859,4713,942
台中市北屯區陳平里 693,1109,1686,305
台中市北屯區新平里 860,1118,1303,215
台中市北屯區舊社里 916,1573,2460,446
台中市北屯區廍子里 994,2615,6036,1251
───────────────換區線───────────────
台中市豐原區三村里 1269,1605,2090,323
台中市豐原區下街里 142,201,263,40
台中市豐原區大湳里 497,615,829,159
台中市豐原區中山里 149,186,325,52
台中市豐原區中陽里 908,1219,1820,317
台中市豐原區中興里 567,704,1008,152
台中市豐原區北陽里 2561,3252,4437,755
台中市豐原區北湳里 574,736,932,158
台中市豐原區民生里 229,284,402,61
台中市豐原區田心里 1268,1650,2062,325
台中市豐原區圳寮里 262,312,389,93
台中市豐原區朴子里 913,895,841,103
台中市豐原區西安里 896,1118,1816,295
台中市豐原區西勢里 347,521,830,148
台中市豐原區西湳里 1922,2272,2863,410
台中市豐原區東陽里 424,424,416,55
台中市豐原區東勢里 285,371,480,96
台中市豐原區東湳里 1062,1048,1101,94
台中市豐原區社皮里 2025,2608,3200,434
台中市豐原區南田里 871,840,872,114
台中市豐原區南村里 989,1354,1830,296
台中市豐原區南陽里 1850,2619,3739,610
台中市豐原區南嵩里 771,903,1042,121
台中市豐原區翁子里 708,821,984,149
台中市豐原區翁明里 433,591,757,126
台中市豐原區翁社里 600,579,498,71
台中市豐原區頂街里 176,232,334,43
台中市豐原區富春里 130,206,257,36
台中市豐原區陽明里 417,669,1002,159
台中市豐原區葫蘆里 119,152,219,43
台中市豐原區豐田里 2316,2677,3118,453
台中市豐原區豐圳里 688,823,1144,178
台中市豐原區豐西里 289,442,568,115
台中市豐原區豐原里 429,569,762,131
台中市豐原區豐榮里 169,258,438,76
台中市豐原區鎌村里 1079,1251,1320,171
───────────────換區線───────────────
台中市東勢區下城里 279,253,184,18
台中市東勢區下新里 501,481,417,47
台中市東勢區上城里 294,260,250,24
台中市東勢區上新里 235,271,283,32
台中市東勢區中寧里 217,252,233,31
台中市東勢區中嵙里 545,572,426,42
台中市東勢區北興里 294,391,409,37
台中市東勢區延平里 508,602,666,91
台中市東勢區明正里 531,376,213,19
台中市東勢區東安里 202,298,329,51
台中市東勢區東新里 459,561,550,85
台中市東勢區南平里 408,500,550,80
台中市東勢區茂興里 577,528,365,39
台中市東勢區泰昌里 777,984,1049,157
台中市東勢區泰興里 242,198,151,20
台中市東勢區埤頭里 240,173,142,9
台中市東勢區隆興里 467,446,309,17
台中市東勢區新盛里 1234,1486,1284,164
台中市東勢區粵寧里 535,592,551,73
台中市東勢區福隆里 916,1131,979,157
台中市東勢區廣興里 282,382,464,94
台中市東勢區慶東里 615,525,402,29
台中市東勢區慶福里 446,362,252,33
台中市東勢區興隆里 368,361,260,14
台中市東勢區詒福里 519,476,351,32
───────────────換區線───────────────
台中市大甲區大甲里 193,261,353,51
台中市大甲區中山里 997,1206,1316,199
台中市大甲區太白里 349,326,296,31
台中市大甲區孔門里 163,206,237,31
台中市大甲區文曲里 358,268,225,27
台中市大甲區文武里 1096,1292,1690,329
台中市大甲區日南里 1416,1491,1504,171
台中市大甲區平安里 467,547,652,89
台中市大甲區江南里 366,379,330,51
台中市大甲區西岐里 491,401,416,45
台中市大甲區奉化里 464,457,615,109
台中市大甲區孟春里 1036,1026,1022,128
台中市大甲區岷山里 526,539,606,91
台中市大甲區幸福里 790,630,574,73
台中市大甲區武曲里 493,423,524,56
台中市大甲區武陵里 370,290,286,36
台中市大甲區南陽里 193,201,228,42
台中市大甲區建興里 511,357,292,25
台中市大甲區頂店里 1028,1114,1352,216
台中市大甲區朝陽里 206,343,487,82
台中市大甲區順天里 349,389,479,76
台中市大甲區新美里 871,820,987,186
台中市大甲區義和里 845,828,898,139
台中市大甲區福德里 375,290,233,23
台中市大甲區銅安里 447,324,328,32
台中市大甲區德化里 484,444,448,47
台中市大甲區龍泉里 486,351,336,33
台中市大甲區薰風里 209,230,245,41
台中市大甲區庄美里 516,500,611,103
───────────────換區線───────────────
台中市清水區下湳里 733,705,740,115
台中市清水區中社里 444,742,1031,166
台中市清水區中興里 91,100,123,17
台中市清水區文昌里 145,182,227,36
台中市清水區北寧里 190,175,171,21
台中市清水區田寮里 699,696,619,92
台中市清水區西社里 462,543,716,130
台中市清水區西寧里 364,431,468,66
台中市清水區吳厝里 436,387,293,39
台中市清水區秀水里 1105,1086,1285,211
台中市清水區東山里 421,295,231,21
台中市清水區武鹿里 900,823,975,144
台中市清水區南社里 1767,2407,3452,550
台中市清水區南寧里 331,430,686,99
台中市清水區海風里 402,407,300,18
台中市清水區海濱里 628,535,482,45
台中市清水區高北里 440,261,233,23
台中市清水區高西里 504,283,242,21
台中市清水區高東里 449,294,257,28
台中市清水區高南里 397,329,308,51
台中市清水區高美里 440,306,303,27
台中市清水區國姓里 655,494,493,54
台中市清水區清水里 359,491,753,150
台中市清水區頂湳里 583,453,404,27
台中市清水區菁埔里 697,546,562,75
台中市清水區楊厝里 340,307,243,28
台中市清水區裕嘉里 430,336,413,62
台中市清水區橋頭里 1748,1867,2284,388
台中市清水區臨江里 438,405,350,46
台中市清水區靈泉里 161,229,365,74
台中市清水區鰲峰里 261,295,288,62
台中市清水區槺榔里 1254,1544,2126,357
───────────────換區線───────────────
台中市沙鹿區三鹿里 1173,1725,2671,403
台中市沙鹿區六路里 898,1189,1833,405
台中市沙鹿區公明里 996,1156,1229,203
台中市沙鹿區斗抵里 1026,990,1355,209
台中市沙鹿區北勢里 1069,1092,1518,289
台中市沙鹿區竹林里 1529,1677,2416,453
台中市沙鹿區西勢里 596,534,490,49
台中市沙鹿區沙鹿里 185,236,311,70
台中市沙鹿區居仁里 264,338,439,77
台中市沙鹿區南勢里 725,823,1026,161
台中市沙鹿區洛泉里 344,505,698,142
台中市沙鹿區美仁里 143,109,141,23
台中市沙鹿區埔子里 792,1274,2090,460
台中市沙鹿區晉江里 424,382,495,85
台中市沙鹿區清泉里 465,608,711,90
台中市沙鹿區犁分里 303,253,279,46
台中市沙鹿區鹿峰里 1153,1231,1686,349
台中市沙鹿區鹿寮里 1417,1608,2255,435
台中市沙鹿區福興里 847,884,1146,185
台中市沙鹿區興仁里 535,594,785,118
台中市沙鹿區興安里 707,802,1114,174
───────────────換區線───────────────
台中市梧棲區下寮里 450,513,572,97
台中市梧棲區大村里 1247,1318,1828,251
台中市梧棲區大庄里 1678,1779,2342,329
台中市梧棲區中正里 952,962,1185,175
台中市梧棲區中和里 126,121,131,28
台中市梧棲區文化里 270,274,401,41
台中市梧棲區永安里 694,576,643,75
台中市梧棲區永寧里 596,514,628,66
台中市梧棲區安仁里 189,216,208,41
台中市梧棲區南簡里 1100,1241,1722,244
台中市梧棲區草湳里 1516,1490,1786,231
台中市梧棲區頂寮里 705,970,1141,176
台中市梧棲區福德里 1009,1149,1623,209
台中市梧棲區興農里 581,508,659,88
───────────────換區線───────────────
台中市后里區中和里 637,622,705,93
台中市后里區仁里里 346,291,196,18
台中市后里區公館里 700,541,479,50
台中市后里區太平里 629,602,478,47
台中市后里區月眉里 576,480,514,68
台中市后里區后里里 962,918,1048,162
台中市后里區厚里里 597,560,530,88
台中市后里區眉山里 817,941,823,100
台中市后里區泰安里 420,422,307,34
台中市后里區義里里 770,803,939,119
台中市后里區義德里 725,662,715,95
台中市后里區墩北里 838,936,1067,126
台中市后里區墩西里 515,500,560,63
台中市后里區墩東里 1083,1302,1406,198
台中市后里區墩南里 898,894,965,120
台中市后里區廣福里 665,527,437,65
台中市后里區聯合里 501,401,344,44
台中市后里區舊社里 580,575,587,56
───────────────換區線───────────────
台中市神岡區三角里 740,619,735,84
台中市神岡區大社里 918,1296,1321,148
台中市神岡區山皮里 320,267,238,21
台中市神岡區北庄里 652,683,817,96
台中市神岡區圳前里 673,614,544,75
台中市神岡區圳堵里 578,533,544,45
台中市神岡區岸裡里 699,725,901,107
台中市神岡區社口里 1728,1974,2339,325
台中市神岡區社南里 1215,1361,1699,193
台中市神岡區神岡里 767,853,936,132
台中市神岡區神洲里 687,671,740,64
台中市神岡區新庄里 1256,1072,917,99
台中市神岡區溪洲里 804,754,695,63
台中市神岡區豐洲里 1807,1937,2109,268
台中市神岡區庄前里 510,650,698,81
台中市神岡區庄後里 614,608,573,68
───────────────換區線───────────────
台中市潭子區大富里 592,750,876,112
台中市潭子區大豐里 1124,1622,2062,236
台中市潭子區甘蔗里 1486,2687,3214,428
台中市潭子區東寶里 2441,3384,3914,528
台中市潭子區家福里 779,1158,1675,283
台中市潭子區家興里 902,1897,2569,346
台中市潭子區栗林里 1070,1222,1446,180
台中市潭子區新田里 434,421,355,39
台中市潭子區嘉仁里 917,1150,1164,139
台中市潭子區福仁里 2033,2892,3385,405
台中市潭子區聚興里 1058,1238,1141,134
台中市潭子區潭北里 510,652,735,124
台中市潭子區潭秀里 294,317,396,64
台中市潭子區潭陽里 2099,3109,3561,432
台中市潭子區頭家里 833,1428,1922,255
台中市潭子區頭家東里 822,1106,1504,188
───────────────換區線───────────────
台中市大雅區二和里 1085,1441,2070,323
台中市大雅區三和里 1035,1323,1720,269
台中市大雅區上雅里 1190,1421,2019,425
台中市大雅區上楓里 1295,1620,1941,231
台中市大雅區大雅里 861,1028,1469,271
台中市大雅區大楓里 1136,1332,1494,190
台中市大雅區六寶里 1610,1625,1593,200
台中市大雅區文雅里 1134,1545,2027,309
台中市大雅區四德里 694,1180,1679,277
台中市大雅區西寶里 1018,1318,1433,174
台中市大雅區秀山里 822,889,941,96
台中市大雅區忠義里 883,1050,847,105
台中市大雅區員林里 1845,2311,3017,414
台中市大雅區雅楓里 887,906,1021,103
台中市大雅區橫山里 963,1081,1356,180
───────────────換區線───────────────
台中市新社區大南里 505,512,510,64
台中市新社區中正里 403,332,339,43
台中市新社區中和里 217,165,87,7
台中市新社區中興里 176,157,113,15
台中市新社區月湖里 331,269,227,21
台中市新社區永源里 884,798,696,75
台中市新社區協成里 914,793,563,56
台中市新社區東興里 383,321,250,44
台中市新社區崑山里 429,314,224,18
台中市新社區復盛里 530,537,416,29
台中市新社區新社里 803,893,984,114
台中市新社區福興里 420,310,190,14
台中市新社區慶西里 303,235,157,15
───────────────換區線───────────────
台中市石岡區九房里 366,315,310,46
台中市石岡區土牛里 270,299,263,33
台中市石岡區石岡里 294,378,314,37
台中市石岡區和盛里 301,415,286,39
台中市石岡區金星里 390,354,312,39
台中市石岡區梅子里 533,537,466,43
台中市石岡區萬安里 388,383,466,65
台中市石岡區萬興里 402,429,382,47
台中市石岡區德興里 397,402,401,46
台中市石岡區龍興里 209,183,149,11
───────────────換區線───────────────
台中市外埔區三崁里 571,500,437,45
台中市外埔區土城里 492,431,325,34
台中市外埔區大同里 1203,1187,1310,178
台中市外埔區大東里 1665,1775,1609,218
台中市外埔區中山里 322,337,303,49
台中市外埔區六分里 539,614,606,67
台中市外埔區水美里 911,864,888,144
台中市外埔區永豐里 337,287,256,19
台中市外埔區馬鳴里 454,372,285,25
台中市外埔區鐵山里 666,547,452,55
台中市外埔區廍子里 404,300,189,24
───────────────換區線───────────────
台中市大安區中庄里 800,743,605,74
台中市大安區永安里 493,518,349,34
台中市大安區西安里 473,494,439,62
台中市大安區東安里 394,327,293,42
台中市大安區松雅里 215,271,264,38
台中市大安區南埔里 404,223,205,18
台中市大安區南庄里 378,250,194,18
台中市大安區海墘里 463,327,307,28
台中市大安區頂安里 263,245,165,19
台中市大安區福住里 310,281,219,20
台中市大安區福興里 405,293,252,40
台中市大安區龜壳里 521,373,336,33
───────────────換區線───────────────
台中市烏日區九德里 2341,3321,4424,615
台中市烏日區三和里 963,1399,1962,337
台中市烏日區五光里 394,463,467,54
台中市烏日區仁德里 1262,1864,2655,534
台中市烏日區北里里 397,481,429,40
台中市烏日區光明里 527,555,586,75
台中市烏日區東園里 509,597,553,62
台中市烏日區前竹里 383,426,491,49
台中市烏日區南里里 307,374,367,42
台中市烏日區烏日里 1542,2053,3134,585
台中市烏日區湖日里 613,639,748,84
台中市烏日區溪尾里 253,211,148,12
台中市烏日區溪埧里 1039,1173,1171,133
台中市烏日區榮泉里 886,1186,2120,475
台中市烏日區學田里 556,699,775,106
台中市烏日區螺潭里 463,598,610,65
───────────────換區線───────────────
台中市大肚區大肚里 442,473,812,141
台中市大肚區大東里 689,773,934,118
台中市大肚區山陽里 373,328,373,31
台中市大肚區中和里 229,216,263,15
台中市大肚區王田里 1138,1138,1173,148
台中市大肚區永和里 227,193,243,42
台中市大肚區永順里 472,420,463,47
台中市大肚區成功里 282,241,237,23
台中市大肚區自強里 775,936,1030,147
台中市大肚區社腳里 655,616,681,85
台中市大肚區頂街里 1299,1971,2561,364
台中市大肚區新興里 673,711,690,92
台中市大肚區瑞井里 1195,1372,1369,177
台中市大肚區福山里 905,913,1018,146
台中市大肚區蔗廍里 1177,1274,1317,191
台中市大肚區營埔里 427,379,388,30
台中市大肚區磺溪里 425,436,477,58
───────────────換區線───────────────
台中市龍井區三德里 815,728,808,77
台中市龍井區山腳里 1337,1524,1674,218
台中市龍井區田中里 880,939,1113,129
台中市龍井區竹坑里 697,798,910,84
台中市龍井區忠和里 1169,1189,1453,195
台中市龍井區東海里 1027,1821,3538,829
台中市龍井區南寮里 431,406,389,49
台中市龍井區新東里 832,1151,1698,299
台中市龍井區新庄里 1400,1565,1942,294
台中市龍井區福田里 305,265,245,37
台中市龍井區龍西里 460,479,522,57
台中市龍井區龍東里 704,783,777,106
台中市龍井區龍泉里 1453,1812,2626,431
台中市龍井區龍津里 1386,1244,1313,169
台中市龍井區龍崗里 643,640,751,79
台中市龍井區麗水里 667,552,562,51
───────────────換區線───────────────
台中市霧峰區丁台里 574,666,569,62
台中市霧峰區中正里 324,546,692,120
台中市霧峰區五福里 613,761,695,72
台中市霧峰區六股里 597,671,627,66
台中市霧峰區北柳里 836,1045,1211,157
台中市霧峰區北勢里 493,617,502,55
台中市霧峰區四德里 553,746,637,71
台中市霧峰區本堂里 912,1451,2151,383
台中市霧峰區本鄉里 426,602,755,108
台中市霧峰區甲寅里 997,1375,1357,216
台中市霧峰區吉峰里 2052,2506,2746,363
台中市霧峰區坑口里 664,797,846,115
台中市霧峰區南柳里 387,532,509,48
台中市霧峰區南勢里 357,360,291,35
台中市霧峰區峰谷里 323,305,235,27
台中市霧峰區桐林里 346,339,294,40
台中市霧峰區萊園里 237,297,284,39
台中市霧峰區萬豐里 658,665,711,79
台中市霧峰區錦榮里 252,311,397,47
台中市霧峰區舊正里 500,544,555,82
───────────────換區線───────────────
台中市太平區大興里 485,753,760,109
台中市太平區中山里 857,1015,1037,127
台中市太平區中平里 923,1158,1159,173
台中市太平區中政里 779,1069,1105,155
台中市太平區中興里 740,846,1012,125
台中市太平區太平里 1275,1467,1617,189
台中市太平區平安里 592,578,597,68
台中市太平區永平里 820,1139,1229,177
台中市太平區永成里 1409,1984,2067,200
台中市太平區永隆里 695,687,657,53
台中市太平區光明里 799,1066,1180,156
台中市太平區光華里 1073,1405,1666,209
台中市太平區光隆里 776,900,779,79
台中市太平區成功里 761,1185,1171,109
台中市太平區坪林里 696,856,1028,172
台中市太平區宜佳里 1119,1701,2009,278
台中市太平區宜昌里 822,1045,1195,154
台中市太平區宜欣里 1418,1651,1796,218
台中市太平區東平里 889,1187,1207,148
台中市太平區東汴里 392,312,238,17
台中市太平區東和里 525,813,899,129
台中市太平區長億里 1204,1665,1985,218
台中市太平區建國里 760,777,800,100
台中市太平區建興里 804,872,704,68
台中市太平區黃竹里 249,173,103,13
台中市太平區勤益里 443,553,692,135
台中市太平區新光里 1390,2002,2574,374
台中市太平區新吉里 964,1453,2035,312
台中市太平區新坪里 1248,2086,2664,392
台中市太平區新城里 873,1592,1918,248
台中市太平區新高里 874,1846,3397,625
台中市太平區新福里 946,1651,2565,464
台中市太平區新興里 539,1150,2377,527
台中市太平區聖和里 423,433,366,39
台中市太平區福隆里 800,1075,986,129
台中市太平區德隆里 1243,1400,1197,102
台中市太平區興隆里 887,962,762,67
台中市太平區頭汴里 591,464,333,32
台中市太平區豐年里 839,1189,1485,203
───────────────換區線───────────────
台中市大里區大元里 833,1080,1319,197
台中市大里區大里里 831,973,1092,126
台中市大里區大明里 761,1071,1397,232
台中市大里區中新里 805,1345,1957,345
台中市大里區仁化里 1809,2426,2489,284
台中市大里區仁德里 1168,1546,1930,249
台中市大里區內新里 1309,2156,2998,516
台中市大里區日新里 892,1058,1305,190
台中市大里區永隆里 844,1934,4121,1002
台中市大里區立仁里 1198,1480,1564,163
台中市大里區立德里 1527,1969,2580,352
台中市大里區西湖里 568,826,738,99
台中市大里區西榮里 1102,1399,1861,313
台中市大里區東昇里 708,860,1123,168
台中市大里區東湖里 2078,2833,3134,452
台中市大里區東興里 1183,1720,2454,470
台中市大里區金城里 2042,2595,2892,365
台中市大里區長榮里 1224,2008,3277,712
台中市大里區夏田里 263,265,245,41
台中市大里區健民里 1209,1323,1145,93
台中市大里區國光里 829,1360,2197,387
台中市大里區祥興里 1343,1841,2425,394
台中市大里區塗城里 2121,2256,2282,262
台中市大里區新仁里 1816,2120,2296,262
台中市大里區新里里 1774,2568,3549,680
台中市大里區瑞城里 2385,3024,3729,466
台中市大里區樹王里 807,920,1091,143
───────────────換區線───────────────
台中市和平區中坑里 127,139,112,11
台中市和平區天輪里 142,138,83,6
台中市和平區平等里 242,268,158,8
台中市和平區自由里 331,325,174,7
台中市和平區南勢里 563,523,402,44
台中市和平區梨山里 597,528,368,31
台中市和平區博愛里 462,477,344,33
台中市和平區達觀里 313,342,198,12
